330
410
330
153
390
424
460
375
110
351
210
291
130
361
400
102
430
434
400
120
200
319
380
81
140
144
160
290
290
351
210
212
200
131
470
94
200
397
400
191
410
118
130
408
170
350
270
324
380
66
170
203
370
221
460
149
160
146
180
145
100
341
260
94
180
420
430
65
410
401
210
447
190
212
340
348
370
237
420
428
330
332
130
218
330
312
340
322
450
86
430
414
360
148
380
116
430
380
470
381
420
233
340
106
220
79
410
108
190
417
170
227
420
287
130
404
140
444
440
177
480
106
170
344
120
441
220
70
420
339
410
293
380
245
480
305
100
109
400
392
170
264
330
442
190
273
210
282
410
167
250
374
300
110
290
425
160
420
270
293
430
73
200
85
160
258
280
93
420
246
230
156
160
206
150
160
220
345
170
300
260
381
340
211
470
233
230
258
350
95
100
246
100
300
380
261
170
294
410
147
320
415
380
444
140
212
320
130
480
165
310
136
180
288
380
131
240
72
330
339
310
418
130
206
400
255
460
226
310
307
120
368
310
185
460
403
430
432
170
447
400
169
280
165
120
91
280
164
270
423
340
92
120
117
220
94
440
347
220
107
430
218
400
203
480
171
200
255
460
174
290
268
260
300
390
269
420
387
400
246
320
348
310
315
270
236
210
376
250
104
230
294
190
308
370
238
440
134
330
135
120
80
220
175
410
315
190
352
160
213
230
70
430
63
220
425
230
190
440
225
270
281
440
436
370
345
140
180
340
147
140
178
150
274
460
379
260
407
150
95
200
332
460
67
190
262
280
231
400
223
460
346
130
99
260
286
400
444
260
448
320
272
260
289
420
378
160
217
370
123
350
333
310
141
330
348
260
320
190
62
270
98
130
222
260
140
230
402
130
351
190
249
480
89
430
329
430
83
450
60
130
331
480
337
400
417
440
239
240
84
410
335
190
276
200
184
380
244
140
132
180
352
480
296
450
107
100
355
150
73
390
396
100
292
260
383
130
130
350
134
350
305
330
169
260
277
470
298
480
181
420
90
390
79
290
333
240
354
190
256
290
317
350
95
220
171
420
87
140
317
120
314
160
79
460
288
360
415
170
132
420
73
230
437
130
92
200
323
280
156
160
174
470
295
220
231
310
167
130
393
340
283
200
299
480
420
