5
40
260
340
200
280
120
0
340
380
100
1
80
210
5
280
80
260
270
220
230
330
260
20
0
1
240
50
1
160
190
5
210
50
300
20
180
220
50
350
110
30
3
380
60
220
80
70
290
1
160
130
3
120
370
170
90
120
280
3
270
30
380
210
390
30
3
80
70
260
210
340
260
3
90
330
160
330
30
140
5
120
330
60
50
180
60
350
180
340
150
3
230
80
100
270
130
270
3
0
100
90
80
90
130
5
70
110
90
360
0
360
180
330
10
0
3
310
120
320
100
160
250
3
0
280
10
260
200
140
3
90
380
110
100
190
370
3
250
230
110
310
120
140
3
230
350
10
50
90
60
5
170
190
360
390
340
210
30
380
50
390
3
250
280
360
170
30
200
1
240
220
1
330
350
1
100
370
5
180
110
160
250
270
150
260
70
280
330
5
20
340
100
10
160
120
120
320
280
330
5
340
140
40
80
270
220
110
290
330
20
3
320
210
380
0
280
100
5
240
190
240
250
170
110
390
280
70
250
